31 KEY_MINUS -30042;-13082 0;0
32 NONE -30042;-13082 0;0
33 NONE -30042;-13082 0;0
34 NONE -30042;-13082 0;0
35 NONE -30042;-13082 0;0
36 NONE -30042;-13082 0;0
37 NONE -30042;-13082 0;0
38 NONE -30042;-13082 0;0
39 NONE -30042;-13082 0;0
40 NONE -30042;-13082 0;0
41 NONE -30042;-13082 0;0
42 NONE -30042;-13082 0;0
43 NONE -30042;-13082 0;0
46 KEY_A 0;0 0;0
278 NONE -23169;23169 0;0
279 NONE 20798;25320 0;0
280 NONE 22523;-23798 0;0
281 NONE -23169;-23169 0;0
282 NONE -23169;23169 0;0
283 NONE 20798;25320 0;0
284 NONE 22523;-23798 0;0
285 NONE -23169;-23169 0;0
286 NONE -23169;23169 0;0
287 NONE 20798;25320 0;0
288 NONE 22523;-23798 0;0
289 NONE -23169;-23169 0;0
290 NONE -23169;23169 0;0
291 NONE 20798;25320 0;0
292 NONE 22523;-23798 0;0
293 NONE -23169;-23169 0;0
294 NONE -23169;23169 0;0
295 NONE 20798;25320 0;0
296 NONE 22523;-23798 0;0
297 NONE -23169;-23169 0;0
298 NONE -23169;23169 0;0
299 NONE 20798;25320 0;0
300 NONE 22523;-23798 0;0
301 NONE -23169;-23169 0;0
302 NONE -23169;23169 0;0
303 NONE 20798;25320 0;0
304 NONE 22523;-23798 0;0
305 NONE -23169;-23169 0;0
306 NONE -23169;23169 0;0
307 NONE 20798;25320 0;0
308 NONE 22523;-23798 0;0
309 NONE -23169;-23169 0;0
310 NONE -23169;23169 0;0
311 NONE 20798;25320 0;0
312 NONE 22523;-23798 0;0
313 NONE -23169;-23169 0;0
314 NONE -23169;23169 0;0
315 NONE 20798;25320 0;0
316 NONE 22523;-23798 0;0
317 NONE -23169;-23169 0;0
318 NONE -23169;23169 0;0
319 NONE 20798;25320 0;0
320 NONE 22523;-23798 0;0
321 NONE -23169;-23169 0;0
322 NONE -23169;23169 0;0
323 NONE 20798;25320 0;0
324 NONE 22523;-23798 0;0
325 NONE -23169;-23169 0;0
326 NONE -23169;23169 0;0
327 NONE 20798;25320 0;0
328 NONE 22523;-23798 0;0
329 NONE -23169;-23169 0;0
330 NONE -23169;23169 0;0
331 NONE 20798;25320 0;0
332 NONE 22523;-23798 0;0
333 NONE -23169;-23169 0;0
334 NONE -23169;23169 0;0
335 NONE 20798;25320 0;0
336 NONE 22523;-23798 0;0
337 NONE -23169;-23169 0;0
338 NONE -23169;23169 0;0
339 NONE 20798;25320 0;0
340 NONE 22523;-23798 0;0
341 NONE -23169;-23169 0;0
342 NONE -23169;23169 0;0
343 NONE 20798;25320 0;0
344 NONE 22523;-23798 0;0
345 NONE -23169;-23169 0;0
346 NONE -23169;23169 0;0
347 NONE 20798;25320 0;0
348 NONE 22523;-23798 0;0
349 NONE -23169;-23169 0;0
350 NONE -23169;23169 0;0
351 NONE 20798;25320 0;0
352 NONE 22523;-23798 0;0
353 NONE -23169;-23169 0;0
354 NONE -23169;23169 0;0
355 NONE 20798;25320 0;0
356 NONE 22523;-23798 0;0
357 NONE -23169;-23169 0;0
358 NONE -23169;23169 0;0
359 NONE 20798;25320 0;0
360 NONE 22523;-23798 0;0
361 NONE -23169;-23169 0;0
362 NONE -23169;23169 0;0
363 NONE 20798;25320 0;0
364 NONE 22523;-23798 0;0
365 NONE -23169;-23169 0;0
366 NONE -23169;23169 0;0
367 NONE 20798;25320 0;0
368 NONE 22523;-23798 0;0
369 NONE -23169;-23169 0;0
370 NONE -23169;23169 0;0
371 NONE 20798;25320 0;0
372 NONE 22523;-23798 0;0
373 NONE -23169;-23169 0;0
374 NONE -23169;23169 0;0
375 NONE 20798;25320 0;0
376 NONE 22523;-23798 0;0
377 NONE -23169;-23169 0;0
378 NONE -23169;23169 0;0
379 NONE 20798;25320 0;0
380 NONE 22523;-23798 0;0
381 NONE -23169;-23169 0;0
382 NONE -23169;23169 0;0
383 NONE 20798;25320 0;0
384 KEY_B 22523;-23798 0;0
385 KEY_ZL -17440;-22460 0;0
386 KEY_ZL -17440;-22460 0;0
387 KEY_B -17440;-22460 0;0
388 KEY_B -17440;-22460 0;0
389 KEY_B -17440;-22460 0;0
390 KEY_B -17440;-22460 0;0
391 KEY_B -17440;-22460 0;0
392 KEY_B -17440;-22460 0;0
393 KEY_B -17440;-22460 0;0
394 KEY_B -17440;-22460 0;0
395 KEY_B -17440;-22460 0;0
396 KEY_B -17440;-22460 0;0
397 KEY_B -17440;-22460 0;0
398 KEY_B -17440;-22460 0;0
399 KEY_B -17440;-22460 0;0
400 KEY_B -17440;-22460 0;0
401 KEY_B -17440;-22460 0;0
402 KEY_B -17440;-22460 0;0
403 KEY_B -17440;-22460 0;0
404 KEY_B -17440;-22460 0;0
405 NONE -17440;-22460 0;0
406 NONE -17440;-22460 0;0
407 NONE -17440;-22460 0;0
408 NONE -17440;-22460 0;0
409 NONE -17440;-22460 0;0
410 NONE -17440;-22460 0;0
411 NONE -17440;-22460 0;0
412 NONE -17440;-22460 0;0
413 KEY_DUP -17440;-22460 0;0
414 NONE -4094;32510 0;0
415 NONE -4094;32510 0;0
416 NONE -4094;32510 0;0
417 NONE -4094;32510 0;0
418 NONE -4094;32510 0;0
419 NONE -4094;32510 0;0
420 NONE -4094;32510 0;0
421 NONE -4094;32510 0;0
422 NONE -4094;32510 0;0
423 NONE -4094;32510 0;0
424 NONE -4094;32510 0;0
425 NONE -4094;32510 0;0
426 NONE -4094;32510 0;0
427 NONE -4094;32510 0;0
428 KEY_ZL -4094;32510 0;0
429 KEY_Y;KEY_R -4094;32510 0;0
430 NONE 0;-32767 0;0
431 NONE 0;-32767 0;0
432 NONE 0;-32767 0;0
433 NONE 0;-32767 0;0
434 NONE 0;-32767 0;0
435 KEY_DLEFT 0;-32767 0;0
436 NONE 0;-32767 0;0
437 NONE 0;-32767 0;0
438 NONE 0;-32767 0;0
439 NONE 0;-32767 0;0
440 NONE 0;-32767 0;0
441 NONE 0;-32767 0;0
442 NONE 0;-32767 0;0
444 NONE -22706;22706 0;0
445 NONE -22706;22706 0;0
446 NONE -22706;22706 0;0
447 NONE -22706;22706 0;0
448 NONE -22706;22706 0;0
449 NONE -22706;22706 0;0
450 NONE -22706;22706 0;0
451 KEY_B 0;0 0;0
452 KEY_L -2430;32666 0;0
453 KEY_Y -2430;32666 0;0
454 KEY_Y -2430;32666 0;0
455 KEY_Y -2430;32666 0;0
456 KEY_Y -2430;32666 0;0
457 KEY_Y -2430;32666 0;0
458 KEY_Y -2430;32666 0;0
459 KEY_Y -2430;32666 0;0
460 KEY_Y;KEY_ZL -2430;32666 0;0
461 KEY_X;KEY_Y;KEY_ZL;KEY_R -2430;32666 0;0
462 KEY_Y;KEY_ZL 0;-32767 0;0
463 KEY_Y;KEY_ZL 0;-32767 0;0
464 KEY_Y;KEY_ZL 0;-32767 0;0
465 KEY_Y;KEY_ZL 0;-23264 0;0
466 KEY_Y;KEY_ZL 0;0 0;0
467 KEY_Y;KEY_ZL 0;0 0;0
468 KEY_Y;KEY_ZL 0;32767 0;0
469 KEY_Y;KEY_ZL 0;32767 0;0
470 KEY_Y;KEY_ZL 0;32767 0;0
471 KEY_Y;KEY_ZL 0;32767 0;0
472 KEY_Y;KEY_ZL 0;32767 0;-32767
473 KEY_Y;KEY_ZL 0;32767 0;-32767
474 KEY_Y;KEY_ZL 0;32767 0;-32767
475 KEY_Y;KEY_ZL 0;32767 0;-32767
476 KEY_Y;KEY_ZL 0;32767 0;-32767
477 KEY_Y;KEY_ZL 0;32767 0;-32767
478 KEY_Y;KEY_ZL 0;32767 0;-32767
479 KEY_Y;KEY_ZL 0;32767 0;-32767
480 KEY_Y;KEY_ZL 0;32767 0;-32767
481 KEY_Y;KEY_ZL 0;32767 0;-32767
482 KEY_Y;KEY_ZL 0;32767 0;-32767
483 KEY_Y;KEY_ZL 0;32767 0;-32767
484 KEY_Y;KEY_ZL 0;32767 0;-32767
485 KEY_Y;KEY_ZL 0;32767 0;-32767
486 KEY_Y;KEY_ZL 0;32767 0;-32767
487 KEY_Y;KEY_ZL 0;32767 0;-32767
488 KEY_Y;KEY_ZL 0;32767 0;-32767
489 KEY_Y;KEY_ZL 0;32767 0;-32767
490 KEY_Y;KEY_ZL 0;32767 0;-32767
491 KEY_Y;KEY_ZL 0;32767 0;-32767
492 KEY_X;KEY_Y;KEY_ZL -32767;0 0;-32767
493 KEY_Y -32767;0 0;-32767
494 NONE -32767;0 0;-32767
495 NONE -32767;0 0;-32767
496 NONE -32767;0 0;-32767
497 NONE -32767;0 0;-32767
498 NONE -32767;0 0;-32767
499 NONE -32767;0 0;-32767
500 NONE -32767;0 0;-32767
501 NONE -32767;0 0;-32767
502 NONE -32767;0 0;-32767
503 NONE -32767;0 0;-32767
504 NONE -32767;0 0;-32767
505 NONE -32767;0 0;-32767
506 NONE -32767;0 0;-32767
507 NONE -32767;0 0;-32767
508 NONE -32767;0 0;-32767
509 NONE -32767;0 0;-32767
510 NONE -32767;0 0;0
511 NONE -32767;0 0;0
512 NONE -32767;0 0;0
513 NONE -32767;0 0;0
514 NONE -32767;0 0;0
515 NONE -32767;0 0;0
516 NONE -32767;0 0;0
517 NONE -32767;0 0;0
518 NONE -32767;0 0;0
519 NONE -32767;0 0;0
520 NONE -32767;0 0;0
521 NONE -32767;0 0;0
522 NONE -32767;0 0;0
523 NONE -32767;0 0;0
524 NONE -32767;0 0;0
525 NONE -32767;0 0;0
526 NONE -32767;0 0;0
527 NONE -32767;0 0;0
528 NONE -32767;0 0;0
529 NONE -32767;0 0;0
530 NONE -32767;0 0;0
531 NONE -32767;0 0;0
532 NONE -32767;0 0;0
533 NONE -32767;0 0;0
534 NONE -32767;0 0;0
535 NONE -32767;0 0;0
536 NONE -32767;0 0;0
537 NONE -32767;0 0;0
538 NONE -32767;0 0;0
539 NONE -32767;0 0;0
540 NONE -32767;0 0;0
541 NONE -32767;0 0;0
542 NONE -32767;0 0;0
543 NONE -32767;0 0;0
544 NONE -32767;0 0;0
545 NONE -32767;0 0;0
546 NONE -32767;0 0;0
547 NONE -32767;0 0;0
548 NONE -32767;0 0;0
549 NONE -32767;0 0;0
550 KEY_L -32767;0 0;0
551 NONE -4867;32403 0;0
552 NONE 18704;26903 0;0
553 NONE 18704;26903 0;0
554 NONE 18704;26903 0;0
555 NONE 18704;26903 0;0
556 NONE 18704;26903 0;0
557 NONE 18704;26903 0;0
558 NONE 18704;26903 0;0
559 NONE 18704;26903 0;0
560 NONE 18704;26903 0;0
561 NONE 18704;26903 0;0
562 NONE 18704;26903 0;0
563 NONE 18704;26903 0;0
564 NONE 18704;26903 0;0
565 NONE 18704;26903 0;0
566 NONE 18704;26903 0;0
567 NONE 18704;26903 0;0
568 NONE 18704;26903 0;0
569 NONE 18704;26903 0;0
570 NONE 18704;26903 0;0
571 NONE 22135;24156 0;0
572 NONE 22135;24156 0;0
573 NONE 22135;24156 0;0
574 NONE -3367;-1286 0;0
575 KEY_ZL -2548;-2548 0;0
576 KEY_Y 0;0 0;0
577 KEY_Y 0;0 0;0
578 KEY_Y 0;0 0;0
579 KEY_Y 0;0 0;0
580 KEY_Y 0;0 0;0
581 KEY_Y 0;0 0;0
582 KEY_Y 0;0 0;0
583 KEY_Y 0;0 0;0
584 KEY_Y 0;0 0;0
585 KEY_Y 0;0 0;0
586 KEY_Y 0;0 0;0
587 KEY_Y 0;0 0;0
588 KEY_Y 0;0 0;0
589 KEY_Y 0;0 0;0
590 KEY_Y 0;0 0;0
591 KEY_Y 0;0 0;0
592 KEY_Y 0;0 0;0
593 KEY_Y 0;0 0;0
594 KEY_Y 0;0 0;0
595 KEY_Y 0;0 0;0
596 KEY_Y 0;0 0;0
597 KEY_Y 0;0 0;0
598 KEY_Y 0;0 0;0
599 KEY_Y 0;0 0;0
600 KEY_Y -32485;-4276 0;0
601 NONE -32485;-4276 0;0
602 NONE -32485;-4276 0;0
603 NONE -32485;-4276 0;0
604 NONE -32485;-4276 0;0
605 NONE -32485;-4276 0;0
606 NONE -32485;-4276 0;0
607 NONE -32485;-4276 0;0
608 NONE -32485;-4276 0;0
609 NONE -32485;-4276 0;0
610 NONE -32485;-4276 0;0
611 NONE -32485;-4276 0;0
612 NONE -32485;-4276 0;0
613 NONE -32485;-4276 0;0
614 NONE -32485;-4276 0;0
615 NONE -32485;-4276 0;0
616 NONE -32485;-4276 0;0
617 NONE -32485;-4276 0;0
618 NONE -32485;-4276 0;0
619 NONE -32485;-4276 0;0
620 NONE -32485;-4276 0;0
621 NONE -32485;-4276 0;0
622 NONE -32485;-4276 0;0
623 NONE -32485;-4276 0;0
624 NONE -32485;-4276 0;0
625 NONE -32485;-4276 0;0
626 NONE -32485;-4276 0;0
627 NONE -32485;-4276 0;0
628 NONE -32485;-4276 0;0
629 NONE -32485;-4276 0;0
630 NONE -32485;-4276 0;0
631 NONE -32485;-4276 0;0
632 NONE -32485;-4276 0;0
633 NONE -32485;-4276 0;0
634 NONE -32485;-4276 0;0
635 NONE -32485;-4276 0;0
636 NONE -32485;-4276 0;0
637 KEY_L -32485;-4276 0;0
638 NONE -21901;24365 0;0
639 NONE 14197;29526 0;0
640 NONE 14197;29526 0;0
641 NONE 14197;29526 0;0
642 NONE 14197;29526 0;0
643 NONE 14197;29526 0;0
644 NONE 14197;29526 0;0
645 NONE 14197;29526 0;0
646 NONE 14197;29526 0;0
647 NONE 14197;29526 0;0
648 NONE 14197;29526 0;0
649 NONE 14197;29526 0;0
650 NONE 14197;29526 0;0
651 NONE 14197;29526 0;0
652 NONE 14197;29526 0;0
653 NONE 14197;29526 0;0
654 NONE 14197;29526 0;0
655 NONE 14197;29526 0;0
656 NONE 14197;29526 0;0
657 KEY_DRIGHT 14197;29526 0;0
658 NONE 14197;29526 0;0
659 NONE 14197;29526 0;0
660 NONE 14197;29526 0;0
661 NONE 14197;29526 0;0
662 NONE -3367;-1284 0;0
663 KEY_ZL -2513;-2583 0;0
664 KEY_Y;KEY_ZL;KEY_R -32767;0 0;0
665 KEY_ZL -32767;0 0;0
666 KEY_ZL -32767;0 0;0
667 KEY_ZL -32767;0 0;0
668 KEY_ZL;KEY_R -32767;0 0;0
669 KEY_ZL -32767;0 0;0
670 KEY_ZL;KEY_R -32767;0 0;0
671 KEY_ZL -32767;0 0;0
672 KEY_ZL;KEY_R -32767;0 0;0
673 KEY_ZL -32767;0 0;0
674 KEY_ZL;KEY_R -32767;0 0;0
675 KEY_ZL -32767;0 0;0
676 KEY_ZL;KEY_R -32767;0 0;0
677 KEY_ZL -32767;0 0;0
678 KEY_ZL;KEY_R -32767;0 0;0
679 KEY_ZL -32767;0 0;0
680 KEY_ZL;KEY_R -32767;0 0;0
681 KEY_ZL -32767;0 0;0
682 KEY_ZL;KEY_R -32767;0 0;0
683 KEY_ZL -32767;0 0;0
684 KEY_ZL;KEY_R -32767;0 0;0
685 KEY_ZL -32767;0 0;0
686 KEY_ZL;KEY_R -32767;0 0;0
687 KEY_ZL -32767;0 0;0
688 KEY_ZL;KEY_R;KEY_L -32767;0 0;0
689 KEY_ZL -32767;0 0;0
690 KEY_ZL;KEY_R -32767;0 0;0
691 KEY_ZL -32767;0 0;0
692 KEY_ZL;KEY_R -32767;0 0;0
693 KEY_ZL -32767;0 0;0
694 KEY_ZL -32767;0 0;0
695 KEY_ZL -32767;0 0;0
696 KEY_ZL -32767;0 0;0
697 KEY_ZL -32767;0 0;0
698 KEY_ZL -32767;0 0;0
699 KEY_ZL -32767;0 0;0
700 KEY_ZL -32767;0 0;0
701 KEY_ZL -32767;0 0;0
702 KEY_ZL -32767;0 0;0
703 KEY_ZL -32767;0 0;0
704 KEY_B;KEY_ZL;KEY_DRIGHT -32767;0 0;0
705 NONE -18643;26935 0;0
706 NONE -29686;13843 0;0
707 NONE -30781;11203 0;0
708 KEY_B -31642;8478 0;0
709 NONE -32262;5688 0;0
710 NONE -32636;2855 0;0
711 NONE -32762;0 0;0
712 NONE -32639;-2854 0;0
713 NONE -32268;-5689 0;0
714 NONE -29467;-14321 0;0
715 NONE -29467;-14321 0;0
716 NONE -29467;-14321 0;0
717 NONE -29467;-14321 0;0
718 NONE -29467;-14321 0;0
719 NONE -29467;-14321 0;0
720 NONE -29467;-14321 0;0
721 NONE -29467;-14321 0;0
722 NONE -29467;-14321 0;0
723 NONE -29467;-14321 0;0
724 NONE -29467;-14321 0;0
725 NONE -29467;-14321 0;0
726 NONE -29467;-14321 0;0
727 NONE -29467;-14321 0;0
728 NONE -29467;-14321 0;0
729 NONE -29467;-14321 0;0
730 NONE -29467;-14321 0;0
731 NONE 31617;-8604 0;0
732 NONE 31617;-8604 0;0
733 NONE 31617;-8604 0;0
734 NONE 31617;-8604 0;0
735 NONE 31617;-8604 0;0
736 NONE 31617;-8604 0;0
737 NONE 31617;-8604 0;0
738 NONE -25536;20532 0;0
739 NONE -25536;20532 0;0
740 NONE -25536;20532 0;0
741 NONE -25536;20532 0;0
742 NONE -25536;20532 0;0
743 NONE -25536;20532 0;0
744 KEY_DDOWN -25536;20532 0;0
745 KEY_X -32735;1440 0;0
746 NONE -19349;26444 0;0
747 NONE -19349;26444 0;0
748 NONE -19349;26444 0;0
749 KEY_B -19349;26444 0;0
750 NONE -28377;-16383 0;0
751 NONE 28377;-16383 0;0
752 NONE 0;32767 0;0
753 NONE -28377;-16383 0;0
754 NONE 28377;-16383 0;0
755 NONE 0;32767 0;0
756 NONE -28377;-16383 0;0
757 NONE 28377;-16383 0;0
758 NONE 0;32767 0;0
759 NONE -28377;-16383 0;0
760 NONE 28377;-16383 0;0
761 NONE 0;32767 0;0
762 NONE -28377;-16383 0;0
763 NONE 28377;-16383 0;0
764 NONE 0;32767 0;0
765 NONE -28377;-16383 0;0
766 NONE 24424;-21843 0;0
767 NONE 24424;-21843 0;0
768 NONE -19349;26444 0;0
769 NONE -19349;26444 0;0
770 NONE -19349;26444 0;0
771 NONE -19349;26444 0;0
772 NONE -19349;26444 0;0
773 NONE -19349;26444 0;0
774 NONE -19349;26444 0;0
775 KEY_B -19349;26444 0;0
776 NONE -19349;26444 0;0
777 NONE -19349;26444 0;0
778 NONE -19349;26444 0;0
779 NONE -19349;26444 0;0
780 NONE -19349;26444 0;0
781 NONE -19349;26444 0;0
782 NONE -24672;-21562 32767;0
783 NONE -24672;-21562 32767;0
784 NONE 24297;-21983 32767;0
785 NONE 24297;-21983 32767;0
786 NONE 24297;-21983 32767;0
787 NONE 24297;-21983 32767;0
788 KEY_ZL 24297;-21983 32767;0
789 KEY_ZL 0;0 32767;0
790 KEY_ZL 0;0 0;0
791 KEY_ZL 0;0 0;0
792 KEY_ZL 0;0 0;0
793 KEY_ZL 0;0 0;0
890 NONE -23169;23169 0;0
891 NONE 20798;25320 0;0
892 NONE 22523;-23798 0;0
893 NONE -23169;-23169 0;0
894 NONE -23169;23169 0;0
895 NONE 20798;25320 0;0
896 NONE 22523;-23798 0;0
897 NONE -23169;-23169 0;0
898 NONE -23169;23169 0;0
899 NONE 20798;25320 0;0
900 NONE 22523;-23798 0;0
901 NONE -23169;-23169 0;0
902 NONE -23169;23169 0;0
903 NONE 20798;25320 0;0
904 NONE 22523;-23798 0;0
905 NONE -23169;-23169 0;0
906 NONE -23169;23169 0;0
907 NONE 20798;25320 0;0
908 NONE 22523;-23798 0;0
909 NONE -23169;-23169 0;0
910 NONE -23169;23169 0;0
911 NONE 20798;25320 0;0
912 NONE 22523;-23798 0;0
913 NONE -23169;-23169 0;0
914 NONE -23169;23169 0;0
915 NONE 20798;25320 0;0
916 NONE 22523;-23798 0;0
917 NONE -23169;-23169 0;0
918 NONE -23169;23169 0;0
919 NONE 20798;25320 0;0
920 NONE 22523;-23798 0;0
921 NONE -23169;-23169 0;0
922 NONE -23169;23169 0;0
923 NONE 20798;25320 0;0
924 NONE 22523;-23798 0;0
925 NONE -23169;-23169 0;0
926 NONE -23169;23169 0;0
927 NONE 20798;25320 0;0
928 NONE 22523;-23798 0;0
929 NONE -23169;-23169 0;0
930 NONE -23169;23169 0;0
931 NONE 20798;25320 0;0
932 NONE 22523;-23798 0;0
933 NONE -23169;-23169 0;0
934 NONE -23169;23169 0;0
935 NONE 20798;25320 0;0
936 NONE 22523;-23798 0;0
937 NONE -23169;-23169 0;0
938 NONE -23169;23169 0;0
939 NONE 20798;25320 0;0
940 NONE 22523;-23798 0;0
941 NONE -23169;-23169 0;0
942 NONE -23169;23169 0;0
943 NONE 20798;25320 0;0
944 NONE 22523;-23798 0;0
945 NONE -23169;-23169 0;0
946 NONE -23169;23169 0;0
947 NONE 20798;25320 0;0
948 NONE 22523;-23798 0;0
949 NONE -23169;-23169 0;0
950 NONE -23169;23169 0;0
951 NONE 20798;25320 0;0
952 NONE 22523;-23798 0;0
953 NONE -23169;-23169 0;0
954 NONE -23169;23169 0;0
955 NONE 20798;25320 0;0
956 NONE 22523;-23798 0;0
957 NONE -23169;-23169 0;0
958 NONE -23169;23169 0;0
959 NONE 20798;25320 0;0
960 NONE 22523;-23798 0;0
961 NONE -23169;-23169 0;0
962 NONE -23169;23169 0;0
963 NONE 20798;25320 0;0
964 NONE 22523;-23798 0;0
965 NONE -23169;-23169 0;0
966 NONE -23169;23169 0;0
967 NONE 20798;25320 0;0
968 NONE 22523;-23798 0;0
969 NONE -23169;-23169 0;0
970 NONE -23169;23169 0;0
971 NONE 20798;25320 0;0
972 NONE 22523;-23798 0;0
973 NONE -23169;-23169 0;0
974 NONE -23169;23169 0;0
975 NONE 20798;25320 0;0
976 NONE 22523;-23798 0;0
977 NONE -23169;-23169 0;0
978 NONE -23169;23169 0;0
979 NONE 20798;25320 0;0
980 NONE 22523;-23798 0;0
981 NONE -23169;-23169 0;0
982 NONE -23169;23169 0;0
983 NONE 20798;25320 0;0
984 NONE 22523;-23798 0;0
985 NONE -23169;-23169 0;0
986 NONE -23169;23169 0;0
987 NONE 20798;25320 0;0
988 NONE 22523;-23798 0;0
989 NONE -23169;-23169 0;0
990 NONE -23169;23169 0;0
991 NONE 20798;25320 0;0
992 NONE 22523;-23798 0;0
993 NONE -23169;-23169 0;0
994 NONE -23169;23169 0;0
995 NONE 20798;25320 0;0
996 NONE -32612;-3181 0;0
997 NONE -32612;-3181 0;0
998 NONE -32612;-3181 0;0
999 NONE -32612;-3181 0;0
1000 NONE -32612;-3181 0;0
1001 NONE -32612;-3181 0;0
1002 NONE -32612;-3181 0;0
1003 NONE -32612;-3181 0;0
1004 KEY_B -32612;-3181 0;0
1005 KEY_ZL 1714;-32719 0;0
1006 KEY_ZL 1714;-32719 0;0
1007 KEY_ZL 1714;-32719 0;0
1008 KEY_ZL 1714;-32719 0;0
1009 KEY_ZL 1714;-32719 0;0
1010 KEY_ZL 1714;-32719 0;0
1011 KEY_ZL;KEY_R 1714;-32719 0;0
1012 KEY_ZL;KEY_DUP 1714;-32719 0;0
1013 KEY_ZL 0;0 0;0
1014 KEY_ZL 0;0 0;0
1015 KEY_ZL 0;0 0;0
1016 KEY_ZL 0;0 0;0
1017 KEY_ZL 0;0 0;0
1018 KEY_ZL 0;0 0;0
1019 KEY_ZL 0;0 0;0
1020 KEY_ZL 0;0 0;0
1021 KEY_ZL 0;0 0;0
1022 KEY_ZL 0;0 0;0
1023 KEY_ZL 0;0 0;0
1024 KEY_ZL 0;0 0;0
1025 KEY_ZL 0;0 0;0
1026 KEY_ZL 0;0 0;0
1027 KEY_ZL 0;0 0;0
1028 KEY_ZL 0;0 0;0
1029 KEY_ZL 0;0 0;0
1030 KEY_ZL 0;0 0;0
1031 KEY_ZL 0;0 0;0
1032 KEY_ZL 0;32767 0;-32767
1033 KEY_ZL 0;32767 0;-32767
1034 KEY_ZL 0;32767 0;-32767
1035 KEY_ZL 0;32767 0;-32767
1036 KEY_ZL 0;32767 0;-32767
1037 KEY_ZL 0;32767 0;-32767
1038 KEY_ZL 0;32767 0;-32767
1039 KEY_ZL 0;32767 0;-32767
1040 KEY_ZL 0;32767 0;-32767
1041 KEY_ZL 0;32767 0;-32767
1042 KEY_B;KEY_ZL;KEY_L 0;32767 0;-32767
1043 KEY_Y -571;32759 0;-32767
1044 KEY_Y -571;32759 0;-32767
1045 KEY_Y -571;32759 0;-32767
1046 KEY_Y -571;32759 0;-32767
1047 KEY_Y -571;32759 0;-32767
1048 KEY_Y -571;32759 0;-32767
1049 KEY_Y -571;32759 0;-32767
1050 KEY_Y -571;32759 0;-32767
1051 KEY_Y -571;32759 0;-32767
1052 KEY_Y -571;32759 0;-32767
1053 KEY_Y -571;32759 0;-32767
1054 KEY_Y -571;32759 0;-32767
1055 KEY_Y -571;32759 0;-32767
1056 KEY_Y 0;32767 0;-32767
1057 KEY_Y 0;32767 0;-32767
1058 KEY_Y 0;32767 0;-32767
1059 KEY_Y 0;32767 0;-32767
1060 KEY_Y -571;32759 0;-32767
1061 KEY_Y -571;32759 0;-32767
1062 KEY_Y -571;32759 0;-32767
1063 KEY_Y -571;32759 0;-32767
1064 KEY_Y -571;32759 0;-32767
1065 KEY_Y -571;32759 0;-32767
1066 KEY_Y 32758;628 0;-32767
1067 KEY_Y 32758;628 0;-32767
1068 KEY_Y 32758;628 0;-32767
1069 NONE 32758;628 0;-32767
1070 NONE 32758;628 0;-32767
1071 NONE 32758;628 0;-32767
1072 NONE 32758;628 0;-32767
1073 NONE 32758;628 0;-32767
1074 NONE 32758;628 0;-32767
1075 NONE 32758;628 0;-32767
1076 NONE 32758;628 0;-32767
1077 NONE 32758;628 0;-32767
1078 NONE 32758;628 0;-32767
1079 NONE 32758;628 0;-32767
1080 NONE 32758;628 0;-32767
1081 NONE 32758;628 0;-32767
1082 NONE 32758;628 0;-32767
1083 NONE 32758;628 0;-32767
1084 NONE 32758;628 0;-32767
1085 NONE 32758;628 0;-32767
1086 NONE 32758;628 0;-32767
1087 NONE 32758;628 0;-32767
1088 NONE 32758;628 0;-32767
1089 NONE 32758;628 0;-32767
1090 NONE 32758;628 0;-32767
1091 NONE 32758;628 0;-32767
1092 NONE 32758;628 0;-32767
1093 NONE 32758;628 0;-32767
1094 NONE 32758;628 0;-32767
1095 NONE 32758;628 0;-32767
1096 NONE 32758;628 0;-32767
1097 NONE 32758;628 0;-32767
1098 NONE 32758;628 0;-32767
1099 NONE 32758;628 0;-32767
1100 NONE 32758;628 0;-32767
1101 NONE 32758;628 0;-32767
1102 NONE 32758;628 0;-32767
1103 NONE 32758;628 0;-32767
1104 NONE 32758;628 0;-32767
1105 NONE 32758;628 0;-32767
1106 NONE 32758;628 0;-32767
1107 NONE 32758;628 0;-32767
1108 NONE 32758;628 0;-32767
1109 NONE 32758;628 0;-32767
1110 NONE 32758;628 0;-32767
1111 NONE 32758;628 0;-32767
1112 NONE 32758;628 0;-32767
1113 NONE 32758;628 0;-32767
1114 NONE 32758;628 0;-32767
1115 NONE 32758;628 0;-32767
1116 NONE 32758;628 0;-32767
1117 NONE 32758;628 0;-32767
1118 NONE 32758;628 0;-32767
1119 NONE 32758;628 0;-32767
1120 NONE 32758;628 0;-32767
1121 NONE 32758;628 0;-32767
1122 NONE 32758;628 0;-32767
1123 NONE 32758;628 0;-32767
1124 NONE 32758;628 0;-32767
1125 NONE 32758;628 0;-32767
1126 NONE 32758;628 0;-32767
1127 NONE 32758;628 0;-32767
1128 NONE 32758;628 0;-32767
1129 NONE 32758;628 0;-32767
1130 NONE 32758;628 0;-32767
1131 NONE 32758;628 0;-32767
1132 NONE 32758;628 0;-32767
1133 NONE 32758;628 0;-32767
1134 NONE 32758;628 0;-32767
1135 NONE 32758;628 0;-32767
1136 NONE 32758;628 0;-32767
1137 NONE 32758;628 0;-32767
1138 NONE 32758;628 0;-32767
1139 NONE 32758;628 0;-32767
1140 NONE 32758;628 0;-32767
1141 NONE 32758;628 0;-32767
1142 NONE 32758;628 0;-32767
1143 NONE 32758;628 0;-32767
1144 NONE 32758;628 0;-32767
1145 NONE 32758;628 0;-32767
1146 NONE 32758;628 0;-32767
1147 NONE 32758;628 0;-32767
1148 NONE 32758;628 0;-32767
1149 NONE 32758;628 0;-32767
1150 NONE 32758;628 0;-32767
1151 NONE 32758;628 0;-32767
1152 NONE 32758;628 0;-32767
1153 NONE 32758;628 0;-32767
1154 NONE 32758;628 0;-32767
1155 NONE 32758;628 0;-32767
1156 NONE 32758;628 0;-32767
1157 NONE 32758;628 0;-32767
1158 NONE -3119;1801 0;0
1159 NONE -3589;314 0;0
1160 NONE 11252;30774 0;0
1161 NONE 11252;30774 0;0
1162 NONE 11252;30774 0;0
1163 NONE 11252;30774 0;0
1164 KEY_DLEFT 11252;30774 0;0
1165 KEY_R 11252;30774 0;0
1166 NONE 8501;31644 0;0
1167 NONE 8501;31644 0;0
1168 KEY_B 8501;31644 0;0
1169 KEY_B 8501;31644 0;0
1170 KEY_B 8501;31644 0;0
1171 KEY_B 8501;31644 0;0
1172 KEY_B 8501;31644 0;0
1173 KEY_B 32767;0 0;0
1174 KEY_B 32767;0 0;0
1175 KEY_B 32767;0 0;0
1176 KEY_B 32767;0 0;0
1177 KEY_B 32767;0 0;0
1178 KEY_B 32767;0 0;0
1179 KEY_B 32767;0 0;0
1180 KEY_B 32767;0 0;0
1181 KEY_B 32767;0 0;0
1182 KEY_B 32767;0 0;0
1183 KEY_B 32767;0 0;0
1184 KEY_B 32767;0 0;0
1185 NONE 32767;0 0;0
1186 NONE 32767;0 0;0
1187 NONE 32767;0 0;0
1188 NONE 32767;0 0;0
1189 NONE 32767;0 0;0
1190 NONE 32767;0 0;0
1191 NONE 32767;0 0;0
1192 NONE 32767;0 0;0
1193 NONE 32767;0 0;0
1194 NONE 32767;0 0;0
