31 KEY_MINUS -30042;-13082 0;0
32 NONE -30042;-13082 0;0
33 NONE -30042;-13082 0;0
34 NONE -30042;-13082 0;0
35 NONE -30042;-13082 0;0
36 NONE -30042;-13082 0;0
37 NONE -30042;-13082 0;0
38 NONE -30042;-13082 0;0
39 NONE -30042;-13082 0;0
40 NONE -30042;-13082 0;0
41 NONE -30042;-13082 0;0
42 NONE -30042;-13082 0;0
43 NONE -30042;-13082 0;0
46 KEY_A 0;0 0;0
335 NONE 0;32767 0;-32767
336 NONE 28377;-16383 0;-32767
337 NONE -28377;-16383 0;-32767
338 NONE 0;32767 0;-32767
339 NONE 28377;-16383 0;-32767
340 NONE -28377;-16383 0;-32767
341 NONE 0;32767 0;-32767
342 NONE 28377;-16383 0;-32767
343 NONE -28377;-16383 0;-32767
344 NONE 0;32767 0;-32767
345 NONE 28377;-16383 0;-32767
346 NONE -28377;-16383 0;-32767
347 NONE 0;32767 0;-32767
348 NONE 28377;-16383 0;-32767
349 NONE -28377;-16383 0;-32767
350 NONE 0;32767 0;-32767
351 NONE 28377;-16383 0;-32767
352 NONE -28377;-16383 0;-32767
353 NONE 0;32767 0;-32767
354 NONE 28377;-16383 0;-32767
355 NONE -28377;-16383 0;-32767
356 NONE 0;32767 0;-32767
357 NONE 28377;-16383 0;-32767
358 NONE -28377;-16383 0;-32767
359 NONE 0;32767 0;-32767
360 NONE 28377;-16383 0;-32767
361 NONE -28377;-16383 0;-32767
362 NONE 0;32767 0;-32767
363 NONE 28377;-16383 0;-32767
364 NONE -28377;-16383 0;-32767
365 NONE 0;32767 0;-32767
366 NONE 28377;-16383 0;-32767
367 NONE -28377;-16383 0;-32767
368 NONE 0;32767 0;-32767
369 NONE 28377;-16383 0;-32767
370 NONE -28377;-16383 0;-32767
371 NONE 0;32767 0;-32767
372 NONE 28377;-16383 0;-32767
373 NONE -28377;-16383 0;-32767
374 NONE 0;32767 0;-32767
375 NONE 28377;-16383 0;-32767
376 NONE -28377;-16383 0;-32767
377 NONE 0;32767 0;-32767
378 NONE 28377;-16383 0;-32767
379 NONE -28377;-16383 0;-32767
380 NONE 0;32767 0;-32767
381 NONE 28377;-16383 0;-32767
382 NONE -28377;-16383 0;-32767
383 NONE 0;32767 0;-32767
384 KEY_A -32269;-5689 0;0
385 KEY_ZL -32269;-5689 0;0
386 KEY_ZL -32269;-5689 0;0
387 KEY_ZL -32269;-5689 0;0
388 KEY_ZL -32269;-5689 0;0
389 KEY_ZL -32269;-5689 0;0
390 KEY_ZL -32269;-5689 0;0
391 KEY_ZL -32269;-5689 0;0
392 KEY_Y;KEY_ZL -32269;-5689 0;0
393 KEY_A;KEY_ZL;KEY_DUP -32269;-5689 0;0
394 NONE 5689;32269 0;0
395 KEY_Y -5689;32269 0;0
396 KEY_Y -5689;32269 0;0
397 KEY_Y -5689;32269 0;0
398 KEY_Y -5689;32269 0;0
399 KEY_Y -5689;32269 0;0
400 KEY_Y -5689;32269 0;0
401 KEY_Y -5689;32269 0;0
402 KEY_Y -5689;32269 0;0
403 KEY_Y -5689;32269 0;0
404 KEY_Y -5689;32269 0;0
405 KEY_Y -5689;32269 0;0
406 KEY_A;KEY_Y 26168;19719 0;0
407 KEY_A;KEY_Y 26168;19719 0;0
408 KEY_A;KEY_Y 26168;19719 0;0
409 KEY_Y 26168;19719 0;0
410 KEY_Y 26168;19719 0;0
411 KEY_Y 26168;19719 0;0
412 KEY_Y 26168;19719 0;0
413 KEY_Y 26168;19719 0;0
414 KEY_Y 26168;19719 0;0
415 KEY_Y 26168;19719 0;0
416 KEY_Y 26168;19719 0;0
417 KEY_Y 26168;19719 0;0
418 KEY_Y 26168;19719 0;0
419 KEY_Y 26168;19719 0;0
420 KEY_Y 26168;19719 0;0
421 KEY_Y 26168;19719 0;0
422 KEY_Y 26168;19719 0;0
423 KEY_Y 26168;19719 0;0
424 KEY_Y 26168;19719 0;0
425 KEY_Y 26168;19719 0;0
426 KEY_Y 26168;19719 0;0
427 KEY_Y 26168;19719 0;0
428 KEY_Y 26168;19719 0;0
429 KEY_Y 32767;0 0;0
430 KEY_A;KEY_Y 32767;0 0;-32767
431 KEY_A;KEY_Y 32767;0 0;-32767
432 KEY_A;KEY_Y 11468;0 0;-32767
433 KEY_Y 9830;0 0;-32767
434 KEY_Y 9830;0 0;-32767
435 KEY_Y 9830;0 0;-32767
436 KEY_Y 9830;0 0;-32767
437 KEY_Y -3481;-932 0;-32767
438 KEY_Y -20820;25301 0;-32767
439 KEY_Y -20820;25301 0;-32767
440 KEY_Y -20820;25301 0;-32767
441 KEY_Y -20820;25301 0;-32767
442 KEY_Y -20820;25301 0;-32767
443 KEY_Y -20820;25301 0;-32767
444 KEY_Y -20820;25301 0;-32767
445 KEY_Y -20820;25301 0;-32767
446 KEY_Y -20820;25301 0;-32767
447 KEY_Y -20820;25301 0;-32767
448 KEY_Y -20820;25301 0;-32767
449 KEY_Y -20820;25301 0;-32767
450 KEY_Y -20820;25301 0;-32767
451 KEY_Y -20820;25301 0;-32767
452 KEY_Y -20820;25301 0;-32767
453 KEY_Y -20820;25301 0;-32767
454 KEY_Y -9578;31330 0;-32767
455 KEY_Y -9578;31330 0;-32767
456 KEY_Y -9578;31330 0;-32767
457 KEY_Y -9578;31330 0;-32767
458 KEY_Y -9578;31330 0;-32767
459 KEY_Y -9578;31330 0;-32767
460 KEY_A;KEY_Y -9578;31330 0;-32767
461 KEY_A;KEY_Y -31925;-7370 0;-32767
462 KEY_A;KEY_Y -31925;-7370 0;-32767
463 KEY_A;KEY_Y -31925;-7370 0;-32767
464 KEY_A;KEY_Y -31925;-7370 0;-32767
465 KEY_A -31925;-7370 0;-32767
466 KEY_A -31925;-7370 0;-32767
467 KEY_A -31925;-7370 0;-32767
468 KEY_A -31925;-7370 0;-32767
469 KEY_A -31833;-7760 0;-32767
470 NONE -31833;-7760 0;-32767
471 NONE -31833;-7760 0;-32767
472 NONE -31833;-7760 0;-32767
473 NONE -31833;-7760 0;-32767
474 NONE -31833;-7760 0;-32767
475 NONE -31833;-7760 0;-32767
476 NONE -31833;-7760 0;-32767
477 NONE -31833;-7760 0;-32767
478 NONE -31833;-7760 0;-32767
479 NONE -31833;-7760 0;-32767
480 NONE -31833;-7760 0;-32767
481 NONE -31833;-7760 0;-32767
482 NONE -31833;-7760 0;-32767
483 NONE -31833;-7760 0;-32767
484 NONE -31833;-7760 0;-32767
485 NONE -31833;-7760 0;-32767
486 NONE -31833;-7760 0;-32767
487 NONE -31833;-7760 0;0
488 NONE -31833;-7760 0;0
489 NONE -31833;-7760 0;0
490 NONE -31833;-7760 0;0
491 NONE -31833;-7760 0;0
492 NONE -31833;-7760 0;0
493 NONE -31833;-7760 0;0
494 NONE -31833;-7760 0;0
495 NONE -31833;-7760 0;0
496 NONE -31833;-7760 0;0
497 NONE -31833;-7760 0;0
498 NONE -31833;-7760 0;0
499 NONE -31833;-7760 0;0
500 NONE -31833;-7760 0;0
501 NONE -31833;-7760 0;0
502 KEY_L -31833;-7760 0;0
503 NONE -15156;29051 0;0
504 NONE 21388;24823 0;0
505 NONE 21388;24823 0;0
506 NONE 21388;24823 0;0
507 NONE 21388;24823 0;0
508 NONE 21388;24823 0;0
509 NONE 21388;24823 0;0
510 NONE 21388;24823 0;0
511 NONE 21388;24823 0;0
512 NONE 21388;24823 0;0
513 NONE 21388;24823 0;0
514 NONE -15156;29051 0;0
515 NONE -15156;29051 0;0
516 NONE -15156;29051 0;0
517 NONE -15156;29051 0;0
518 NONE -15156;29051 0;0
519 NONE -15156;29051 0;0
520 NONE -15156;29051 0;0
521 NONE -15156;29051 0;0
522 NONE -15156;29051 0;0
523 NONE -15156;29051 0;0
524 NONE -15156;29051 0;0
525 NONE -15156;29051 0;0
526 NONE -15156;29051 0;0
527 NONE -15156;29051 0;0
528 NONE -15156;29051 0;0
529 KEY_ZL -15156;29051 0;0
530 KEY_Y 0;0 0;0
531 KEY_Y 0;0 0;0
532 KEY_Y 0;0 0;0
533 KEY_Y 0;0 0;0
534 KEY_Y 0;0 0;0
535 KEY_Y 0;0 0;0
536 KEY_Y 0;0 0;0
537 KEY_Y 0;0 0;0
538 KEY_Y 0;0 0;0
539 KEY_Y 0;0 0;0
540 KEY_Y 0;0 0;0
541 KEY_Y 0;0 0;0
542 KEY_Y 0;0 0;0
543 KEY_Y 0;0 0;0
544 KEY_Y 0;0 0;0
545 KEY_Y 0;0 0;0
546 KEY_Y 0;0 0;0
547 KEY_Y 0;0 0;0
548 KEY_Y 0;0 0;0
549 KEY_Y 0;0 0;0
550 KEY_Y 0;0 0;0
551 KEY_Y 0;0 0;0
552 KEY_Y 0;0 0;0
553 KEY_Y -29051;-15156 0;0
554 NONE -29051;-15156 0;0
555 NONE -29051;-15156 0;0
556 NONE -29051;-15156 0;0
557 NONE -29051;-15156 0;0
558 NONE -29051;-15156 0;0
559 NONE -29051;-15156 0;0
560 NONE -29051;-15156 0;0
561 NONE -29051;-15156 0;0
562 NONE -29051;-15156 0;0
563 NONE -29051;-15156 0;0
564 NONE -29051;-15156 0;0
565 NONE -29051;-15156 0;0
566 NONE -29051;-15156 0;0
567 NONE -29051;-15156 0;0
568 NONE -29051;-15156 0;0
569 NONE -29051;-15156 0;0
570 NONE -29051;-15156 0;0
571 NONE -29051;-15156 0;0
572 NONE -29051;-15156 0;0
573 NONE -29051;-15156 0;0
574 NONE -29051;-15156 0;0
575 NONE -29051;-15156 0;0
576 NONE -29051;-15156 0;0
577 KEY_L -29051;-15156 0;0
578 NONE 20272;25742 0;0
579 NONE 20272;25742 0;0
580 NONE 20272;25742 0;0
581 NONE 20272;25742 0;0
582 NONE 20272;25742 0;0
583 NONE 20272;25742 0;0
584 KEY_L 20272;25742 0;0
585 NONE 20272;25742 0;0
586 NONE 20272;25742 0;0
587 NONE 20272;25742 0;0
588 NONE 20272;25742 0;0
589 NONE 20272;25742 0;0
590 NONE 20272;25742 0;0
591 NONE 20272;25742 0;0
592 NONE 20272;25742 0;0
593 NONE 20272;25742 0;0
594 NONE 20272;25742 0;0
595 NONE 20272;25742 0;0
596 NONE 20272;25742 0;0
597 NONE 20272;25742 0;0
598 NONE 20272;25742 0;0
599 NONE 20272;25742 0;0
600 KEY_B 20272;25742 0;0
601 NONE -32509;-4101 0;0
602 NONE -32509;-4101 0;0
603 NONE -32509;-4101 0;0
604 NONE -32509;-4101 0;0
605 NONE -32509;-4101 0;0
606 NONE -32509;-4101 0;0
607 NONE -32509;-4101 0;0
608 NONE -32509;-4101 0;0
609 NONE -32509;-4101 0;0
610 NONE -32509;-4101 0;0
611 NONE -32509;-4101 0;0
612 NONE -32509;-4101 0;0
613 NONE -32509;-4101 0;0
614 NONE -32509;-4101 0;0
615 NONE -32509;-4101 0;0
616 NONE -32509;-4101 0;0
617 NONE -32509;-4101 0;0
618 NONE -32509;-4101 0;0
619 NONE -32509;-4101 0;0
620 NONE -32509;-4101 0;0
621 NONE -32509;-4101 0;0
622 NONE -32509;-4101 0;0
623 NONE -32509;-4101 0;0
624 NONE -32509;-4101 0;0
625 NONE -32509;-4101 0;0
626 NONE -32509;-4101 0;0
627 NONE -32509;-4101 0;0
628 NONE -32509;-4101 0;0
629 NONE -32509;-4101 0;0
630 NONE -32509;-4101 0;0
631 NONE -32509;-4101 0;0
632 KEY_L -25887;20087 0;0
633 NONE -19720;26167 0;0
634 NONE 20087;25887 0;0
635 NONE 20087;25887 0;0
636 NONE 20087;25887 0;0
637 NONE 20087;25887 0;0
638 NONE 20087;25887 0;0
639 NONE 20087;25887 0;0
640 NONE 20087;25887 0;0
641 NONE 20087;25887 0;0
642 NONE 20087;25887 0;0
643 NONE 20087;25887 0;0
644 NONE -19720;26167 0;0
645 NONE -19720;26167 0;0
646 NONE -19720;26167 0;0
647 NONE -19720;26167 0;0
648 NONE -19720;26167 0;0
649 NONE -19720;26167 0;0
650 NONE -19720;26167 0;0
651 NONE -19720;26167 0;0
652 NONE -19720;26167 0;0
653 NONE -19720;26167 0;0
654 NONE -19720;26167 0;0
655 KEY_ZL -19720;26167 0;0
656 KEY_Y;KEY_ZL;KEY_R -32767;0 0;0
657 KEY_ZL -32767;0 0;0
658 KEY_ZL;KEY_R -32767;0 0;0
659 KEY_ZL -32767;0 0;0
660 KEY_ZL;KEY_R -32767;0 0;0
661 KEY_ZL -32767;0 0;0
662 KEY_ZL;KEY_R -32767;0 0;0
663 KEY_ZL -32767;0 0;0
664 KEY_ZL;KEY_R -32767;0 0;0
665 KEY_ZL -32767;0 0;0
666 KEY_ZL;KEY_R -32767;0 0;0
667 KEY_ZL -32767;0 0;0
668 KEY_ZL;KEY_R -32767;0 0;0
669 KEY_ZL -32767;0 0;0
670 KEY_ZL;KEY_R -32767;0 0;0
671 KEY_ZL -32767;0 0;0
672 KEY_ZL;KEY_R -32767;0 0;0
673 KEY_ZL -32767;0 0;0
674 KEY_ZL;KEY_R -32767;0 0;0
675 KEY_ZL -32767;0 0;0
676 KEY_ZL;KEY_R -32767;0 0;0
677 KEY_ZL;KEY_L -32767;0 0;0
678 KEY_ZL;KEY_R -32767;0 0;0
679 KEY_ZL -32767;0 0;0
680 KEY_ZL;KEY_R -32767;0 0;0
681 KEY_ZL -32767;0 0;0
682 KEY_ZL -32767;0 0;0
683 KEY_ZL -32767;0 0;0
684 KEY_ZL -32767;0 0;0
685 KEY_ZL -32767;0 0;0
686 KEY_ZL -32767;0 0;0
687 KEY_ZL -32767;0 0;0
688 KEY_ZL -32767;0 0;0
689 KEY_ZL -32767;0 0;0
690 KEY_ZL -32767;0 0;0
691 KEY_ZL -32767;0 0;0
692 KEY_ZL -32767;0 0;0
693 KEY_ZL -32767;0 0;0
694 KEY_ZL -32767;0 0;0
695 KEY_B;KEY_ZL;KEY_DRIGHT -32767;0 0;0
696 NONE -18165;27248 0;0
697 NONE -6792;32055 0;0
698 NONE -30781;11203 0;0
699 KEY_B -31642;8478 0;0
700 NONE -32262;5688 0;0
701 NONE -32636;2855 0;0
702 NONE -32762;0 0;0
703 NONE -32639;-2854 0;0
704 NONE -32268;-5689 0;0
705 NONE -29467;-14321 0;0
706 NONE -29467;-14321 0;0
707 NONE -29467;-14321 0;0
708 NONE -29467;-14321 0;0
709 NONE -29467;-14321 0;0
710 NONE -29467;-14321 0;0
711 NONE -29467;-14321 0;0
712 NONE -29467;-14321 0;0
713 NONE -29467;-14321 0;0
714 NONE -29467;-14321 0;0
715 NONE -29467;-14321 0;0
716 NONE -29467;-14321 0;0
717 NONE 20494;25566 0;0
718 NONE 20494;25566 0;0
719 NONE 20494;25566 0;0
720 NONE 20494;25566 0;0
721 NONE 20494;25566 0;0
722 NONE 20494;25566 0;0
723 NONE 20494;25566 0;0
724 NONE 20494;25566 0;0
725 NONE 20494;25566 0;0
726 NONE 20494;25566 0;0
727 NONE 20494;25566 0;0
728 NONE 20494;25566 0;0
729 NONE 20494;25566 0;0
730 NONE 20494;25566 0;0
731 NONE 20494;25566 0;0
732 NONE 20494;25566 0;0
733 NONE 20494;25566 0;0
734 NONE 20494;25566 0;0
735 KEY_DDOWN -16986;28020 0;0
736 KEY_X 28424;16301 0;0
737 NONE 24669;21566 0;0
738 NONE 24669;21566 0;0
739 NONE 24669;21566 0;0
740 KEY_B 24669;21566 0;0
741 NONE -28377;-16383 0;0
742 NONE 28377;-16383 0;0
743 NONE 0;32767 0;0
744 NONE -28377;-16383 0;0
745 NONE 28377;-16383 0;0
746 NONE 0;32767 0;0
747 NONE -28377;-16383 0;0
748 NONE 28377;-16383 0;0
749 NONE 0;32767 0;0
750 NONE -28377;-16383 0;0
751 NONE 28377;-16383 0;0
752 NONE 0;32767 0;0
753 NONE -28377;-16383 0;0
754 NONE 28377;-16383 0;0
755 NONE 0;32767 0;0
756 NONE -28377;-16383 0;0
757 NONE 24424;-21843 0;0
758 NONE 10203;31137 0;0
759 NONE 10203;31137 0;0
760 NONE 10203;31137 0;0
761 NONE 10203;31137 0;0
762 NONE 10203;31137 0;0
763 NONE 10203;31137 0;0
764 NONE 10203;31137 0;0
765 NONE 10203;31137 0;0
766 KEY_B -19349;26444 0;0
767 NONE -19349;26444 0;0
768 NONE -19349;26444 0;0
769 NONE -19349;26444 0;0
770 NONE -19349;26444 0;0
771 NONE -19349;26444 0;0
772 NONE -19349;26444 32767;0
773 NONE -26069;-19851 32767;0
774 NONE 25292;-20830 32767;0
775 NONE 25293;-20830 32767;0
776 NONE 25293;-20830 32767;0
777 NONE 25293;-20830 32767;0
778 NONE 25293;-20830 32767;0
779 KEY_ZL 24297;-21983 32767;0
780 KEY_ZL 0;0 32767;0
781 KEY_ZL 0;0 0;0
782 KEY_ZL 0;0 0;0
783 KEY_ZL 0;0 0;0
784 KEY_ZL 0;0 0;0
881 NONE -23169;23169 0;0
882 NONE 20798;25320 0;0
883 NONE 22523;-23798 0;0
884 NONE -23169;-23169 0;0
885 NONE -23169;23169 0;0
886 NONE 20798;25320 0;0
887 NONE 22523;-23798 0;0
888 NONE -23169;-23169 0;0
889 NONE -23169;23169 0;0
890 NONE 20798;25320 0;0
891 NONE 22523;-23798 0;0
892 NONE -23169;-23169 0;0
893 NONE -23169;23169 0;0
894 NONE 20798;25320 0;0
895 NONE 22523;-23798 0;0
896 NONE -23169;-23169 0;0
897 NONE -23169;23169 0;0
898 NONE 20798;25320 0;0
899 NONE 22523;-23798 0;0
900 NONE -23169;-23169 0;0
901 NONE -23169;23169 0;0
902 NONE 20798;25320 0;0
903 NONE 22523;-23798 0;0
904 NONE -23169;-23169 0;0
905 NONE -23169;23169 0;0
906 NONE 20798;25320 0;0
907 NONE 22523;-23798 0;0
908 NONE -23169;-23169 0;0
909 NONE -23169;23169 0;0
910 NONE 20798;25320 0;0
911 NONE 22523;-23798 0;0
912 NONE -23169;-23169 0;0
913 NONE -23169;23169 0;0
914 NONE 20798;25320 0;0
915 NONE 22523;-23798 0;0
916 NONE -23169;-23169 0;0
917 NONE -23169;23169 0;0
918 NONE 20798;25320 0;0
919 NONE 22523;-23798 0;0
920 NONE -23169;-23169 0;0
921 NONE -23169;23169 0;0
922 NONE 20798;25320 0;0
923 NONE 22523;-23798 0;0
924 NONE -23169;-23169 0;0
925 NONE -23169;23169 0;0
926 NONE 20798;25320 0;0
927 NONE 22523;-23798 0;0
928 NONE -23169;-23169 0;0
929 NONE -23169;23169 0;0
930 NONE 20798;25320 0;0
931 NONE 22523;-23798 0;0
932 NONE -23169;-23169 0;0
933 NONE -23169;23169 0;0
934 NONE 20798;25320 0;0
935 NONE 22523;-23798 0;0
936 NONE -23169;-23169 0;0
937 NONE -23169;23169 0;0
938 NONE 20798;25320 0;0
939 NONE 22523;-23798 0;0
940 NONE -23169;-23169 0;0
941 NONE -23169;23169 0;0
942 NONE 20798;25320 0;0
943 NONE 22523;-23798 0;0
944 NONE -23169;-23169 0;0
945 NONE -23169;23169 0;0
946 NONE 20798;25320 0;0
947 NONE 22523;-23798 0;0
948 NONE -23169;-23169 0;0
949 NONE -23169;23169 0;0
950 NONE 20798;25320 0;0
951 NONE 22523;-23798 0;0
952 NONE -23169;-23169 0;0
953 NONE -23169;23169 0;0
954 NONE 20798;25320 0;0
955 NONE 22523;-23798 0;0
956 NONE -23169;-23169 0;0
957 NONE -23169;23169 0;0
958 NONE 20798;25320 0;0
959 NONE 22523;-23798 0;0
960 NONE -23169;-23169 0;0
961 NONE -23169;23169 0;0
962 NONE 20798;25320 0;0
963 NONE 22523;-23798 0;0
964 NONE -23169;-23169 0;0
965 NONE -23169;23169 0;0
966 NONE 20798;25320 0;0
967 NONE 22523;-23798 0;0
968 NONE -23169;-23169 0;0
969 NONE -23169;23169 0;0
970 NONE 20798;25320 0;0
971 NONE 22523;-23798 0;0
972 NONE -23169;-23169 0;0
973 NONE -23169;23169 0;0
974 NONE 20798;25320 0;0
975 NONE 22523;-23798 0;0
976 NONE -23169;-23169 0;0
977 NONE -23169;23169 0;0
978 NONE 20798;25320 0;0
979 NONE 22523;-23798 0;0
980 NONE -23169;-23169 0;0
981 NONE -23169;23169 0;0
982 NONE 20798;25320 0;0
983 NONE 22523;-23798 0;0
984 NONE -23169;-23169 0;0
985 NONE -23169;23169 0;0
986 NONE -32767;0 0;0
987 NONE -32767;0 0;0
988 NONE -32767;0 0;0
989 NONE -32767;0 0;0
990 NONE -32767;0 0;0
991 NONE -32767;0 0;0
992 NONE -32767;0 0;0
993 NONE -32767;0 0;0
994 NONE -32767;0 0;0
995 KEY_B -32767;0 0;0
996 KEY_ZL -32767;0 0;0
997 KEY_ZL 1828;-32711 0;0
998 KEY_ZL;KEY_DUP 1828;-32711 0;0
999 KEY_ZL 1828;-32711 0;0
1000 KEY_ZL 1828;-32711 0;0
1001 KEY_ZL 1828;-32711 0;0
1002 KEY_ZL;KEY_R 1828;-32711 0;0
1003 KEY_Y;KEY_ZL 1828;-32711 0;0
1004 KEY_ZL 0;0 0;0
1005 KEY_ZL 0;0 0;0
1006 KEY_ZL 0;0 0;0
1007 KEY_ZL 0;0 0;0
1008 KEY_ZL 0;0 0;0
1009 KEY_ZL 0;0 0;0
1010 KEY_ZL 0;0 0;0
1011 KEY_ZL 0;0 0;0
1012 KEY_ZL 0;0 0;0
1013 KEY_ZL 0;0 0;0
1014 KEY_ZL 0;0 0;0
1015 KEY_ZL 0;0 0;0
1016 KEY_ZL 0;0 0;0
1017 KEY_ZL 0;0 0;0
1018 KEY_ZL 0;0 0;0
1019 KEY_ZL 0;0 0;0
1020 KEY_ZL 0;0 0;0
1021 KEY_ZL 0;0 0;0
1022 KEY_ZL 0;0 0;0
1023 KEY_ZL 0;32767 0;-32767
1024 KEY_ZL 0;32767 0;-32767
1025 KEY_ZL 0;32767 0;-32767
1026 KEY_ZL 0;32767 0;-32767
1027 KEY_ZL 0;32767 0;-32767
1028 KEY_ZL 0;32767 0;-32767
1029 KEY_ZL 0;32767 0;-32767
1030 KEY_ZL 0;32767 0;-32767
1031 KEY_ZL 0;32767 0;-32767
1032 KEY_ZL 0;32767 0;-32767
1033 KEY_B;KEY_ZL;KEY_L 0;32767 0;-32767
1034 KEY_Y -571;32759 0;-32767
1035 KEY_Y -571;32759 0;-32767
1036 KEY_Y -571;32759 0;-32767
1037 KEY_Y -571;32759 0;-32767
1038 KEY_Y -571;32759 0;-32767
1039 KEY_Y -571;32759 0;-32767
1040 KEY_Y -571;32759 0;-32767
1041 KEY_Y -571;32759 0;-32767
1042 KEY_Y -571;32759 0;-32767
1043 KEY_Y -571;32759 0;-32767
1044 KEY_Y -571;32759 0;-32767
1045 KEY_Y -571;32759 0;-32767
1046 KEY_Y -571;32759 0;-32767
1047 KEY_Y 0;32767 0;-32767
1048 KEY_Y 0;32767 0;-32767
1049 KEY_Y 0;32767 0;-32767
1050 KEY_Y 0;32767 0;-32767
1051 KEY_Y -571;32759 0;-32767
1052 KEY_Y -571;32759 0;-32767
1053 KEY_Y -571;32759 0;-32767
1054 KEY_Y -571;32759 0;-32767
1055 KEY_Y -571;32759 0;-32767
1056 KEY_Y -571;32759 0;-32767
1057 KEY_Y 32758;628 0;-32767
1058 KEY_Y 32758;628 0;-32767
1059 KEY_Y 32758;628 0;-32767
1060 NONE 32758;628 0;-32767
1061 NONE 32758;628 0;-32767
1062 NONE 32758;628 0;-32767
1063 NONE 32758;628 0;-32767
1064 NONE 32758;628 0;-32767
1065 NONE 32758;628 0;-32767
1066 NONE 32758;628 0;-32767
1067 NONE 32758;628 0;-32767
1068 NONE 32758;628 0;-32767
1069 NONE 32758;628 0;-32767
1070 NONE 32758;628 0;-32767
1071 NONE 32758;628 0;-32767
1072 NONE 32758;628 0;-32767
1073 NONE 32758;628 0;-32767
1074 NONE 32758;628 0;-32767
1075 NONE 32758;628 0;-32767
1076 NONE 32758;628 0;-32767
1077 NONE 32758;628 0;-32767
1078 NONE 32758;628 0;-32767
1079 NONE 32758;628 0;-32767
1080 NONE 32758;628 0;-32767
1081 NONE 32758;628 0;-32767
1082 NONE 32758;628 0;-32767
1083 NONE 32758;628 0;-32767
1084 NONE 32758;628 0;-32767
1085 NONE 32758;628 0;-32767
1086 NONE 32758;628 0;-32767
1087 NONE 32758;628 0;-32767
1088 NONE 32758;628 0;-32767
1089 NONE 32758;628 0;-32767
1090 NONE 32758;628 0;-32767
1091 NONE 32758;628 0;-32767
1092 NONE 32758;628 0;-32767
1093 NONE 32758;628 0;-32767
1094 NONE 32758;628 0;-32767
1095 NONE 32758;628 0;-32767
1096 NONE 32758;628 0;-32767
1097 NONE 32758;628 0;-32767
1098 NONE 32758;628 0;-32767
1099 NONE 32758;628 0;-32767
1100 NONE 32758;628 0;-32767
1101 NONE 32758;628 0;-32767
1102 NONE 32758;628 0;-32767
1103 NONE 32758;628 0;-32767
1104 NONE 32758;628 0;-32767
1105 NONE 32758;628 0;-32767
1106 NONE 32758;628 0;-32767
1107 NONE 32758;628 0;-32767
1108 NONE 32758;628 0;-32767
1109 NONE 32758;628 0;-32767
1110 NONE 32758;628 0;-32767
1111 NONE 32758;628 0;-32767
1112 NONE 32758;628 0;-32767
1113 NONE 32758;628 0;-32767
1114 NONE 32758;628 0;-32767
1115 NONE 32758;628 0;-32767
1116 NONE 32758;628 0;-32767
1117 NONE 32758;628 0;-32767
1118 NONE 32758;628 0;-32767
1119 NONE 32758;628 0;-32767
1120 NONE 32758;628 0;-32767
1121 NONE 32758;628 0;-32767
1122 NONE 32758;628 0;-32767
1123 NONE 32758;628 0;-32767
1124 NONE 32758;628 0;-32767
1125 NONE 32758;628 0;-32767
1126 NONE 32758;628 0;-32767
1127 NONE 32758;628 0;-32767
1128 NONE 32758;628 0;-32767
1129 NONE 32758;628 0;-32767
1130 NONE 32758;628 0;-32767
1131 NONE 32758;628 0;-32767
1132 NONE 32758;628 0;-32767
1133 NONE 32758;628 0;-32767
1134 NONE 32758;628 0;-32767
1135 NONE 32758;628 0;-32767
1136 NONE 32758;628 0;-32767
1137 NONE 32758;628 0;-32767
1138 NONE 32758;628 0;-32767
1139 NONE 32758;628 0;-32767
1140 NONE 32758;628 0;-32767
1141 NONE 32758;628 0;-32767
1142 NONE 32758;628 0;-32767
1143 NONE 32758;628 0;-32767
1144 NONE 32758;628 0;-32767
1145 NONE 32758;628 0;-32767
1146 NONE 32758;628 0;-32767
1147 NONE 32758;628 0;-32767
1148 NONE 32758;628 0;-32767
1149 NONE -3119;1801 0;0
1150 NONE 12415;30323 0;0
1151 NONE 12415;30323 0;0
1152 NONE 12415;30323 0;0
1153 NONE 12415;30323 0;0
1154 KEY_DLEFT 12415;30323 0;0
1155 NONE 12415;30323 0;0
1156 KEY_R 12415;30323 0;0
1157 NONE 12415;30323 0;0
1158 KEY_B 12415;30323 0;0
1159 KEY_B 12415;30323 0;0
1160 KEY_B -12788;30168 0;0
1161 KEY_B -12788;30168 0;0
1162 KEY_B -12788;30168 0;0
1163 KEY_B -12788;30168 0;0
1164 KEY_B -12788;30168 0;0
1165 KEY_B -12788;30168 0;0
1166 KEY_B -12788;30168 0;0
1167 KEY_B -12788;30168 0;0
1168 KEY_B -12788;30168 0;0
1169 KEY_B -12788;30168 0;0
1170 KEY_B -12788;30168 0;0
1171 KEY_B -12788;30168 0;0
1172 KEY_B -12788;30168 0;0
1173 KEY_B -12788;30168 0;0
1174 KEY_B -12788;30168 0;0
1175 KEY_B -12788;30168 0;0
1176 KEY_B -12788;30168 0;0
1177 KEY_B -12788;30168 0;0
1185 KEY_LSTICK 0;0 0;0
